Start Hash:-4003439768953475992
Goal Hash:-3954165130630164267
============= Algorithm  ===========
Goal Found!!
Visited count:151
Iterations202
1	2	3	
4	5	6	
7	8	9	
Cost:1
-3954165130630164267->-3954165099258757115
1	2	3	
5	6	4	
7	8	9	
Cost:1
-3954165099258757115->-3955563160022084896
1	8	3	
5	2	4	
7	6	9	
Cost:1
-3955563160022084896->-3955563120265834665
1	8	3	
4	5	2	
7	6	9	
Cost:1
-3955563120265834665->-3954549884167732742
1	6	3	
4	8	2	
7	5	9	
Cost:1
-3954549884167732742->-3954572220737945304
1	5	3	
4	6	2	
7	8	9	
Cost:1
-3954572220737945304->-3954572217488956158
1	5	3	
6	2	4	
7	8	9	
Cost:1
-3954572217488956158->-3954164873196142065
1	2	3	
6	8	4	
7	5	9	
Cost:1
-3954164873196142065->-3954165124648367839
1	2	3	
4	6	8	
7	5	9	
Cost:1
-3954165124648367839->-3954165004273935234
1	2	3	
8	4	6	
7	5	9	
Cost:1
-3954165004273935234->-621647222505011599
7	2	3	
1	4	6	
8	5	9	
Cost:1
-621647222505011599->-667854623084663375
7	5	3	
1	2	6	
8	4	9	
Cost:1
-667854623084663375->-667854623085041423
7	5	3	
1	2	6	
4	9	8	
Cost:1
-667854623085041423->-668581667775088317
4	5	3	
7	2	6	
1	9	8	
Cost:1
-668581667775088317->-3954572191438236226
1	5	3	
4	2	6	
7	9	8	
Cost:1
-3954572191438236226->-3954572191438470371
1	5	3	
4	2	6	
8	7	9	
Cost:1
-3954572191438470371->-3954572191438376552
1	5	3	
4	2	6	
9	8	7	
Cost:1
-3954572191438376552->-3954165124864184755
1	2	3	
4	8	6	
9	5	7	
Cost:1
-3954165124864184755->-3954165124864200896
1	2	3	
4	8	6	
5	7	9	
Cost:1
-3954165124864200896->-3954165124864193177
1	2	3	
4	8	6	
7	9	5	
Cost:1
-3954165124864193177->-637037301160962448
4	2	3	
7	8	6	
1	9	5	
Cost:1
-637037301160962448->-637037301161793934
4	2	3	
7	8	6	
5	1	9	
Cost:1
-637037301161793934->-636846474429064900
4	1	3	
7	2	6	
5	8	9	
Cost:1
-636846474429064900->-622363120680312148
7	1	3	
5	2	6	
4	8	9	
Cost:1
-622363120680312148->-667990358037486718
5	1	3	
4	2	6	
7	8	9	
Cost:1
-667990358037486718->-3955251769723197777
1	3	5	
4	2	6	
7	8	9	
Cost:1
-3955251769723197777->-3955277722162985907
1	3	9	
4	2	5	
7	8	6	
Cost:1
-3955277722162985907->-4018184926215160144
9	1	3	
4	2	5	
7	8	6	
Cost:1
-4018184926215160144->-4001706917306872834
9	8	3	
4	1	5	
7	2	6	
Cost:1
-4001706917306872834->-4001706698149254369
9	8	3	
5	4	1	
7	2	6	
Cost:1
-4001706698149254369->-4001704879688793398
9	8	6	
5	4	3	
7	2	1	
Cost:1
-4001704879688793398->-4001704879688781439
9	8	6	
5	4	3	
2	1	7	
Cost:1
-4001704879688781439->-4003439876389791793
9	8	7	
5	4	6	
2	1	3	
Cost:1
-4003439876389791793->-4003439768953463750
9	8	7	
6	5	4	
2	1	3	
Cost:1
-4003439768953463750->-4003439768953475992
9	8	7	
6	5	4	
3	2	1	
Path size: 34	Cost: 34
Running time Algorithm:	0.08514s
cpu start: 12444	cpu end:97607	CLOCKS_PER_SEC:1000000
cpu time:	0.085163s
