Start Hash:8280658568596790557
Goal Hash:-5111601221122077629
============= Algorithm  ===========
Goal Found!!
Visited count:20971
Iterations32913
1	2	3	4	
5	6	7	8	
9	10	11	12	
13	14	15	16	
Cost:1
-5111601221122077629->-5975523595718986023
1	2	3	4	
8	5	6	7	
9	10	11	12	
13	14	15	16	
Cost:1
-5975523595718986023->8643667700786985186
8	2	3	4	
9	5	6	7	
13	10	11	12	
1	14	15	16	
Cost:1
8643667700786985186->-2385059923167790881
8	2	3	4	
5	6	7	9	
13	10	11	12	
1	14	15	16	
Cost:1
-2385059923167790881->703786717979783843
1	2	3	4	
8	6	7	9	
5	10	11	12	
13	14	15	16	
Cost:1
703786717979783843->5001767030322047506
1	2	3	4	
6	7	9	8	
5	10	11	12	
13	14	15	16	
Cost:2
5001767030322047506->-3069556460893791526
1	2	3	4	
9	8	6	7	
5	10	11	12	
13	14	15	16	
Cost:1
-3069556460893791526->950773966884087939
13	2	3	4	
1	8	6	7	
9	10	11	12	
5	14	15	16	
Cost:2
950773966884087939->55932842748609813
13	2	3	4	
6	7	1	8	
9	10	11	12	
5	14	15	16	
Cost:1
55932842748609813->-5481554120674319817
6	2	3	4	
9	7	1	8	
5	10	11	12	
13	14	15	16	
Cost:2
-5481554120674319817->8109848482363161149
6	2	3	4	
1	8	9	7	
5	10	11	12	
13	14	15	16	
Cost:1
8109848482363161149->-2079951200254880519
1	2	3	4	
5	8	9	7	
13	10	11	12	
6	14	15	16	
Cost:2
-2079951200254880519->-4703837855724599730
1	2	3	4	
9	7	5	8	
13	10	11	12	
6	14	15	16	
Cost:1
-4703837855724599730->4015478586645612287
6	2	3	4	
1	7	5	8	
9	10	11	12	
13	14	15	16	
Cost:1
4015478586645612287->-5671708606642713749
13	2	3	4	
6	7	5	8	
1	10	11	12	
9	14	15	16	
Cost:2
-5671708606642713749->8840838913372500454
13	2	3	4	
5	8	6	7	
1	10	11	12	
9	14	15	16	
Cost:1
8840838913372500454->8524715220923773952
5	2	3	4	
1	8	6	7	
9	10	11	12	
13	14	15	16	
Cost:1
8524715220923773952->-3077466363739411624
1	2	3	4	
9	8	6	7	
13	10	11	12	
5	14	15	16	
Cost:1
-3077466363739411624->709654101309261612
1	2	3	4	
8	6	7	9	
13	10	11	12	
5	14	15	16	
Cost:1
709654101309261612->-8722961099107103239
5	2	3	4	
1	6	7	9	
8	10	11	12	
13	14	15	16	
Cost:1
-8722961099107103239->-8723022742847303878
5	2	3	4	
1	6	7	9	
10	11	12	8	
13	14	15	16	
Cost:1
-8723022742847303878->-276315196398924294
5	2	3	4	
9	1	6	7	
10	11	12	8	
13	14	15	16	
Cost:1
-276315196398924294->-275137946282830266
5	2	3	4	
9	1	6	7	
8	10	11	12	
13	14	15	16	
Cost:2
-275137946282830266->-4081764459251911421
8	2	3	4	
13	1	6	7	
5	10	11	12	
9	14	15	16	
Cost:1
-4081764459251911421->-8273111634720793398
8	2	3	4	
1	6	7	13	
5	10	11	12	
9	14	15	16	
Cost:1
-8273111634720793398->6336204618310445828
1	2	3	4	
5	6	7	13	
9	10	11	12	
8	14	15	16	
Cost:1
6336204618310445828->2255437367313839182
1	2	3	4	
13	5	6	7	
9	10	11	12	
8	14	15	16	
Cost:1
2255437367313839182->2255437367289290464
1	2	3	4	
13	5	6	7	
9	10	11	12	
14	15	16	8	
Cost:1
2255437367289290464->6336204618350790812
1	2	3	4	
5	6	7	13	
9	10	11	12	
14	15	16	8	
Cost:2
6336204618350790812->843956863749597712
1	2	3	12	
5	6	7	8	
9	10	11	4	
14	15	16	13	
Cost:2
843956863749597712->843956863749224884
1	2	3	12	
5	6	7	8	
9	10	11	4	
16	13	14	15	
Cost:1
843956863749224884->843956863749557368
1	2	3	12	
5	6	7	8	
9	10	11	4	
13	14	15	16	
Cost:1
843956863749557368->3720862882280715929
1	2	3	8	
5	6	7	4	
9	10	11	16	
13	14	15	12	
Cost:1
3720862882280715929->6335609622948876397
1	2	3	4	
5	6	7	16	
9	10	11	12	
13	14	15	8	
Cost:1
6335609622948876397->8022893796668677642
2	3	4	1	
5	6	7	16	
9	10	11	12	
13	14	15	8	
Cost:1
8022893796668677642->5010366728793109274
2	3	4	8	
5	6	7	1	
9	10	11	16	
13	14	15	12	
Cost:1
5010366728793109274->-9096098232136142503
2	3	4	8	
1	5	6	7	
9	10	11	16	
13	14	15	12	
Cost:1
-9096098232136142503->-1432771728097507106
8	2	3	4	
1	5	6	7	
9	10	11	16	
13	14	15	12	
Cost:1
-1432771728097507106->-2582566562244293545
8	2	3	4	
5	6	7	1	
9	10	11	16	
13	14	15	12	
Cost:1
-2582566562244293545->8894672608527528669
8	2	3	1	
5	6	7	16	
9	10	11	12	
13	14	15	4	
Cost:2
8894672608527528669->-7829439454902653370
3	1	8	2	
5	6	7	16	
9	10	11	12	
13	14	15	4	
Cost:1
-7829439454902653370->-6230706536449289912
2	3	1	8	
5	6	7	16	
9	10	11	12	
13	14	15	4	
Cost:2
-6230706536449289912->665369315398783790
1	8	2	3	
5	6	7	16	
9	10	11	12	
13	14	15	4	
Cost:2
665369315398783790->-3166191772058381161
1	8	2	12	
5	6	7	4	
9	10	11	3	
13	14	15	16	
Cost:1
-3166191772058381161->-7664292256083647897
1	8	2	4	
5	6	7	3	
9	10	11	16	
13	14	15	12	
Cost:2
-7664292256083647897->-3916105998634756672
2	4	1	8	
5	6	7	3	
9	10	11	16	
13	14	15	12	
Cost:1
-3916105998634756672->-522129804805212754
2	4	1	3	
5	6	7	16	
9	10	11	12	
13	14	15	8	
Cost:2
-522129804805212754->7457159003865451317
1	3	2	4	
5	6	7	16	
9	10	11	12	
13	14	15	8	
Cost:1
7457159003865451317->-5328071567143015255
4	1	3	2	
5	6	7	16	
9	10	11	12	
13	14	15	8	
Cost:2
-5328071567143015255->-1394632736419201067
4	1	3	12	
5	6	7	8	
9	10	11	2	
13	14	15	16	
Cost:1
-1394632736419201067->-2842439737291134070
4	1	3	8	
5	6	7	2	
9	10	11	16	
13	14	15	12	
Cost:1
-2842439737291134070->2964776704967325060
1	3	8	4	
5	6	7	2	
9	10	11	16	
13	14	15	12	
Cost:1
2964776704967325060->8340498722173383357
1	3	8	2	
5	6	7	16	
9	10	11	12	
13	14	15	4	
Cost:1
8340498722173383357->6846137968409037900
2	1	3	8	
5	6	7	16	
9	10	11	12	
13	14	15	4	
Cost:2
6846137968409037900->7869617611961569446
2	1	3	12	
5	6	7	4	
9	10	11	8	
13	14	15	16	
Cost:1
7869617611961569446->5512008768133128807
2	1	3	4	
5	6	7	8	
9	10	11	16	
13	14	15	12	
Cost:1
5512008768133128807->3504422242568154206
1	3	4	2	
5	6	7	8	
9	10	11	16	
13	14	15	12	
Cost:1
3504422242568154206->6940938898853353133
1	3	15	2	
5	6	4	8	
9	10	7	16	
13	14	11	12	
Cost:1
6940938898853353133->1091520461061871043
2	1	3	15	
5	6	4	8	
9	10	7	16	
13	14	11	12	
Cost:1
1091520461061871043->-8167284450127463055
2	1	3	8	
5	6	4	16	
9	10	7	12	
13	14	11	15	
Cost:1
-8167284450127463055->2938347668087078149
2	1	4	8	
5	6	7	16	
9	10	11	12	
13	14	3	15	
Cost:1
2938347668087078149->6270318996149355893
2	1	4	15	
5	6	7	8	
9	10	11	16	
13	14	3	12	
Cost:1
6270318996149355893->3752766725129723986
1	4	15	2	
5	6	7	8	
9	10	11	16	
13	14	3	12	
Cost:1
3752766725129723986->355999355724481181
1	4	7	2	
5	6	11	8	
9	10	3	16	
13	14	15	12	
Cost:2
355999355724481181->542883987486020651
7	2	1	4	
5	6	11	8	
9	10	3	16	
13	14	15	12	
Cost:1
542883987486020651->706947817706672054
2	1	4	7	
5	6	11	8	
9	10	3	16	
13	14	15	12	
Cost:2
706947817706672054->-4536728498208521974
2	1	3	7	
5	6	15	8	
9	10	4	16	
13	14	11	12	
Cost:1
-4536728498208521974->-2839340661488426885
1	3	7	2	
5	6	15	8	
9	10	4	16	
13	14	11	12	
Cost:1
-2839340661488426885->-5086507610609222012
1	3	11	2	
5	6	7	8	
9	10	15	16	
13	14	4	12	
Cost:1
-5086507610609222012->8418089709116482028
2	1	3	11	
5	6	7	8	
9	10	15	16	
13	14	4	12	
Cost:1
8418089709116482028->6846137964778265802
2	1	3	8	
5	6	7	16	
9	10	15	12	
13	14	4	11	
Cost:1
6846137964778265802->5473594158456304241
2	1	4	8	
5	6	3	16	
9	10	7	12	
13	14	15	11	
Cost:2
5473594158456304241->8942092892202080222
2	1	4	12	
5	6	3	11	
9	10	7	8	
13	14	15	16	
Cost:1
8942092892202080222->4105465172633396559
2	1	4	11	
5	6	3	8	
9	10	7	16	
13	14	15	12	
Cost:1
4105465172633396559->-7843721537015887973
1	4	11	2	
5	6	3	8	
9	10	7	16	
13	14	15	12	
Cost:1
-7843721537015887973->285661293870546722
1	4	3	2	
5	6	7	8	
9	10	15	16	
13	14	11	12	
Cost:2
285661293870546722->-8469411432477490671
3	2	1	4	
5	6	7	8	
9	10	15	16	
13	14	11	12	
Cost:1
-8469411432477490671->-5293276158956157676
2	1	4	3	
5	6	7	8	
9	10	15	16	
13	14	11	12	
Cost:1
-5293276158956157676->-6040889207242657926
2	1	11	3	
5	6	4	8	
9	10	7	16	
13	14	15	12	
Cost:1
-6040889207242657926->-1290705508711683154
1	11	3	2	
5	6	4	8	
9	10	7	16	
13	14	15	12	
Cost:1
-1290705508711683154->-4211130869922320129
1	11	4	2	
5	6	7	8	
9	10	15	16	
13	14	3	12	
Cost:1
-4211130869922320129->-6994870772508749136
2	1	11	4	
5	6	7	8	
9	10	15	16	
13	14	3	12	
Cost:1
-6994870772508749136->-7400393138866709150
2	1	3	4	
5	6	11	8	
9	10	7	16	
13	14	15	12	
Cost:1
-7400393138866709150->6357725996039795939
2	1	15	4	
5	6	3	8	
9	10	11	16	
13	14	7	12	
Cost:1
6357725996039795939->-4698367870630048398
1	15	4	2	
5	6	3	8	
9	10	11	16	
13	14	7	12	
Cost:1
-4698367870630048398->3208956108803214465
1	6	4	2	
5	10	3	8	
9	14	11	16	
13	15	7	12	
Cost:1
3208956108803214465->698863082572204158
2	1	6	4	
5	10	3	8	
9	14	11	16	
13	15	7	12	
Cost:1
698863082572204158->-4537324618225354268
2	1	3	4	
5	10	11	8	
9	14	7	16	
13	15	6	12	
Cost:1
-4537324618225354268->-7214145907012522141
1	3	4	2	
5	10	11	8	
9	14	7	16	
13	15	6	12	
Cost:2
-7214145907012522141->-1243244570793309327
1	3	7	2	
5	10	6	8	
9	14	4	16	
13	15	11	12	
Cost:1
-1243244570793309327->-8037474516303132003
1	3	6	2	
5	10	4	8	
9	14	11	16	
13	15	7	12	
Cost:2
-8037474516303132003->5188918326652609844
6	2	1	3	
5	10	4	8	
9	14	11	16	
13	15	7	12	
Cost:1
5188918326652609844->-5871586338344531175
2	1	3	6	
5	10	4	8	
9	14	11	16	
13	15	7	12	
Cost:1
-5871586338344531175->2551466570311980306
2	1	3	12	
5	10	4	6	
9	14	11	8	
13	15	7	16	
Cost:1
2551466570311980306->-187502084184524853
2	1	3	12	
6	5	10	4	
9	14	11	8	
13	15	7	16	
Cost:1
-187502084184524853->-8825905203971271407
2	1	3	4	
6	5	10	8	
9	14	11	16	
13	15	7	12	
Cost:1
-8825905203971271407->8577518920642307505
2	1	3	4	
8	6	5	10	
9	14	11	16	
13	15	7	12	
Cost:1
8577518920642307505->-3777552291436594683
2	1	3	12	
8	6	5	4	
9	14	11	10	
13	15	7	16	
Cost:1
-3777552291436594683->-9138066810683919085
2	1	3	12	
6	5	4	8	
9	14	11	10	
13	15	7	16	
Cost:1
-9138066810683919085->583989234704946442
2	1	7	12	
6	5	3	8	
9	14	4	10	
13	15	11	16	
Cost:1
583989234704946442->583975817340817002
2	1	7	12	
6	5	3	8	
10	9	14	4	
13	15	11	16	
Cost:1
583975817340817002->505029145400224355
2	1	11	12	
6	5	7	8	
10	9	3	4	
13	15	14	16	
Cost:1
505029145400224355->1139068876844713587
2	1	11	8	
6	5	7	4	
10	9	3	16	
13	15	14	12	
Cost:1
1139068876844713587->418951827582935497
2	1	7	8	
6	5	3	4	
10	9	14	16	
13	15	11	12	
Cost:1
418951827582935497->418368369886132497
2	1	7	8	
6	5	3	4	
9	14	16	10	
13	15	11	12	
Cost:1
418368369886132497->1137571897120289465
2	1	11	8	
6	5	7	4	
9	14	3	10	
13	15	16	12	
Cost:1
1137571897120289465->5636922470563491933
2	1	11	4	
6	5	7	10	
9	14	3	12	
13	15	16	8	
Cost:1
5636922470563491933->1900856393569228802
2	1	7	4	
6	5	3	10	
9	14	16	12	
13	15	11	8	
Cost:1
1900856393569228802->3921511786640420591
2	1	3	4	
6	5	16	10	
9	14	11	12	
13	15	7	8	
Cost:1
3921511786640420591->8557778621039204158
2	1	3	4	
10	6	5	16	
9	14	11	12	
13	15	7	8	
Cost:2
8557778621039204158->-4061332368735601894
2	1	3	12	
10	6	5	8	
9	14	11	4	
13	15	7	16	
Cost:1
-4061332368735601894->5721164237251545303
2	1	3	8	
10	6	5	4	
9	14	11	16	
13	15	7	12	
Cost:1
5721164237251545303->-6496565938903126950
1	3	8	2	
10	6	5	4	
9	14	11	16	
13	15	7	12	
Cost:1
-6496565938903126950->7450351444803735114
1	3	7	2	
10	6	8	4	
9	14	5	16	
13	15	11	12	
Cost:1
7450351444803735114->7215034277651836223
2	1	3	7	
10	6	8	4	
9	14	5	16	
13	15	11	12	
Cost:1
7215034277651836223->-4368926465610148518
2	1	3	12	
10	6	8	7	
9	14	5	4	
13	15	11	16	
Cost:1
-4368926465610148518->-2277449277374626143
2	1	3	12	
7	10	6	8	
9	14	5	4	
13	15	11	16	
Cost:1
-2277449277374626143->-4864854631126211830
2	1	3	8	
7	10	6	4	
9	14	5	16	
13	15	11	12	
Cost:1
-4864854631126211830->1386749302635328344
2	1	3	8	
10	6	4	7	
9	14	5	16	
13	15	11	12	
Cost:1
1386749302635328344->8606890513558493496
2	1	3	12	
10	6	4	8	
9	14	5	7	
13	15	11	16	
Cost:1
8606890513558493496->-822168680644126551
2	1	4	12	
10	6	5	8	
9	14	11	7	
13	15	3	16	
Cost:1
-822168680644126551->6548611372723485902
2	1	4	8	
10	6	5	7	
9	14	11	16	
13	15	3	12	
Cost:1
6548611372723485902->3598652326023112987
2	1	4	8	
6	5	7	10	
9	14	11	16	
13	15	3	12	
Cost:1
3598652326023112987->4027550432630738419
2	1	3	8	
6	5	4	10	
9	14	7	16	
13	15	11	12	
Cost:1
4027550432630738419->-9138066622296213379
2	1	3	12	
6	5	4	8	
9	14	7	10	
13	15	11	16	
Cost:1
-9138066622296213379->-9138169883568904406
2	1	3	12	
6	5	4	8	
10	9	14	7	
13	15	11	16	
Cost:1
-9138169883568904406->2938387375528270385
2	1	3	8	
6	5	4	7	
10	9	14	16	
13	15	11	12	
Cost:1
2938387375528270385->2944170724378327522
2	1	3	8	
6	5	4	7	
9	14	16	10	
13	15	11	12	
Cost:1
2944170724378327522->-7979133393438912984
2	1	3	8	
7	6	5	4	
9	14	16	10	
13	15	11	12	
Cost:1
-7979133393438912984->-7940954895152981249
2	1	3	8	
7	6	5	4	
10	9	14	16	
13	15	11	12	
Cost:1
-7940954895152981249->5007540138763582685
2	1	3	12	
7	6	5	8	
10	9	14	4	
13	15	11	16	
Cost:1
5007540138763582685->-2805296339269653763
2	1	3	12	
6	5	8	7	
10	9	14	4	
13	15	11	16	
Cost:1
-2805296339269653763->1877232426548507225
2	1	3	12	
5	8	7	6	
10	9	14	4	
13	15	11	16	
Cost:1
1877232426548507225->-1480681578553355134
2	1	3	6	
5	8	7	4	
10	9	14	16	
13	15	11	12	
Cost:1
-1480681578553355134->4995722003297856286
6	2	1	3	
5	8	7	4	
10	9	14	16	
13	15	11	12	
Cost:1
4995722003297856286->4996051884516059515
6	2	1	3	
5	8	7	4	
9	14	16	10	
13	15	11	12	
Cost:1
4996051884516059515->-3670601754849161644
6	2	11	3	
5	8	1	4	
9	14	7	10	
13	15	16	12	
Cost:1
-3670601754849161644->-3670541781798190836
6	2	11	3	
5	8	1	4	
10	9	14	7	
13	15	16	12	
Cost:1
-3670541781798190836->4907706310673846851
6	2	1	3	
5	8	14	4	
10	9	16	7	
13	15	11	12	
Cost:1
4907706310673846851->4907238954930661501
6	2	1	3	
5	8	14	4	
7	10	9	16	
13	15	11	12	
Cost:2
4907238954930661501->-780695994129134793
6	2	9	3	
5	8	11	4	
7	10	1	16	
13	15	14	12	
Cost:1
-780695994129134793->-7620433433017317929
6	2	9	12	
5	8	11	3	
7	10	1	4	
13	15	14	16	
Cost:2
-7620433433017317929->1627678287340799726
6	2	9	12	
11	3	5	8	
7	10	1	4	
13	15	14	16	
Cost:1
1627678287340799726->-7717125817921796226
11	2	9	12	
7	3	5	8	
13	10	1	4	
6	15	14	16	
Cost:1
-7717125817921796226->-7717125817995633827
11	2	9	12	
7	3	5	8	
13	10	1	4	
16	6	15	14	
Cost:1
-7717125817995633827->-2499987983734547068
16	2	9	12	
11	3	5	8	
7	10	1	4	
13	6	15	14	
Cost:2
-2499987983734547068->-2397398645925668553
16	10	9	12	
11	6	5	8	
7	2	1	4	
13	3	15	14	
Cost:1
-2397398645925668553->-2397398646122089758
16	10	9	12	
11	6	5	8	
7	2	1	4	
3	15	14	13	
Cost:1
-2397398646122089758->7709069659579749518
16	15	9	12	
11	10	5	8	
7	6	1	4	
3	2	14	13	
Cost:1
7709069659579749518->-2466706922365540340
16	15	14	12	
11	10	9	8	
7	6	5	4	
3	2	1	13	
Cost:1
-2466706922365540340->5624943435326630966
16	15	14	13	
11	10	9	12	
7	6	5	8	
3	2	1	4	
Cost:1
5624943435326630966->8280662989701916668
16	15	14	13	
12	11	10	9	
7	6	5	8	
3	2	1	4	
Cost:1
8280662989701916668->8280658568597076070
16	15	14	13	
12	11	10	9	
8	7	6	5	
3	2	1	4	
Cost:1
8280658568597076070->8280658568596790557
16	15	14	13	
12	11	10	9	
8	7	6	5	
4	3	2	1	
Path size: 153	Cost: 178
Running time Algorithm:	19.3723s
cpu start: 15625	cpu end:19375000	CLOCKS_PER_SEC:1000000
cpu time:	19.3594s
Start Hash:706246336224068
Goal Hash:706246335411732
============= Algorithm  ===========
Goal Found!!
Visited count:5
Iterations5
1	2	
3	4	
Cost:1
706246335411732->706246335412049
1	2	
4	3	
Cost:1
706246335412049->706246336219922
4	2	
1	3	
Cost:1
706246336219922->706246336224256
4	3	
1	2	
Cost:1
706246336224256->706246336224068
4	3	
2	1	
Path size: 4	Cost: 4
Running time Algorithm:	0.0005515s
cpu start: 15625	cpu end:15625	CLOCKS_PER_SEC:1000000
cpu time:	0s
Start Hash:-4003439768953475992
Goal Hash:-3954165130630164267
============= Algorithm  ===========
Goal Found!!
Visited count:151
Iterations202
1	2	3	
4	5	6	
7	8	9	
Cost:1
-3954165130630164267->-3954165099258757115
1	2	3	
5	6	4	
7	8	9	
Cost:1
-3954165099258757115->-3955563160022084896
1	8	3	
5	2	4	
7	6	9	
Cost:1
-3955563160022084896->-3955563120265834665
1	8	3	
4	5	2	
7	6	9	
Cost:1
-3955563120265834665->-3954549884167732742
1	6	3	
4	8	2	
7	5	9	
Cost:1
-3954549884167732742->-3954572220737945304
1	5	3	
4	6	2	
7	8	9	
Cost:1
-3954572220737945304->-3954572217488956158
1	5	3	
6	2	4	
7	8	9	
Cost:1
-3954572217488956158->-3954164873196142065
1	2	3	
6	8	4	
7	5	9	
Cost:1
-3954164873196142065->-3954165124648367839
1	2	3	
4	6	8	
7	5	9	
Cost:1
-3954165124648367839->-3954165004273935234
1	2	3	
8	4	6	
7	5	9	
Cost:1
-3954165004273935234->-621647222505011599
7	2	3	
1	4	6	
8	5	9	
Cost:1
-621647222505011599->-667854623084663375
7	5	3	
1	2	6	
8	4	9	
Cost:1
-667854623084663375->-667854623085041423
7	5	3	
1	2	6	
4	9	8	
Cost:1
-667854623085041423->-668581667775088317
4	5	3	
7	2	6	
1	9	8	
Cost:1
-668581667775088317->-3954572191438236226
1	5	3	
4	2	6	
7	9	8	
Cost:1
-3954572191438236226->-3954572191438470371
1	5	3	
4	2	6	
8	7	9	
Cost:1
-3954572191438470371->-3954572191438376552
1	5	3	
4	2	6	
9	8	7	
Cost:1
-3954572191438376552->-3954165124864184755
1	2	3	
4	8	6	
9	5	7	
Cost:1
-3954165124864184755->-3954165124864200896
1	2	3	
4	8	6	
5	7	9	
Cost:1
-3954165124864200896->-3954165124864193177
1	2	3	
4	8	6	
7	9	5	
Cost:1
-3954165124864193177->-637037301160962448
4	2	3	
7	8	6	
1	9	5	
Cost:1
-637037301160962448->-637037301161793934
4	2	3	
7	8	6	
5	1	9	
Cost:1
-637037301161793934->-636846474429064900
4	1	3	
7	2	6	
5	8	9	
Cost:1
-636846474429064900->-622363120680312148
7	1	3	
5	2	6	
4	8	9	
Cost:1
-622363120680312148->-667990358037486718
5	1	3	
4	2	6	
7	8	9	
Cost:1
-667990358037486718->-3955251769723197777
1	3	5	
4	2	6	
7	8	9	
Cost:1
-3955251769723197777->-3955277722162985907
1	3	9	
4	2	5	
7	8	6	
Cost:1
-3955277722162985907->-4018184926215160144
9	1	3	
4	2	5	
7	8	6	
Cost:1
-4018184926215160144->-4001706917306872834
9	8	3	
4	1	5	
7	2	6	
Cost:1
-4001706917306872834->-4001706698149254369
9	8	3	
5	4	1	
7	2	6	
Cost:1
-4001706698149254369->-4001704879688793398
9	8	6	
5	4	3	
7	2	1	
Cost:1
-4001704879688793398->-4001704879688781439
9	8	6	
5	4	3	
2	1	7	
Cost:1
-4001704879688781439->-4003439876389791793
9	8	7	
5	4	6	
2	1	3	
Cost:1
-4003439876389791793->-4003439768953463750
9	8	7	
6	5	4	
2	1	3	
Cost:1
-4003439768953463750->-4003439768953475992
9	8	7	
6	5	4	
3	2	1	
Path size: 34	Cost: 34
Running time Algorithm:	0.0326201s
cpu start: 0	cpu end:31250	CLOCKS_PER_SEC:1000000
cpu time:	0.03125s
Start Hash:8280658568596790557
Goal Hash:-5111601221122077629
============= Algorithm  ===========
Goal Found!!
Visited count:20971
Iterations32913
1	2	3	4	
5	6	7	8	
9	10	11	12	
13	14	15	16	
Cost:1
-5111601221122077629->-5975523595718986023
1	2	3	4	
8	5	6	7	
9	10	11	12	
13	14	15	16	
Cost:1
-5975523595718986023->8643667700786985186
8	2	3	4	
9	5	6	7	
13	10	11	12	
1	14	15	16	
Cost:1
8643667700786985186->-2385059923167790881
8	2	3	4	
5	6	7	9	
13	10	11	12	
1	14	15	16	
Cost:1
-2385059923167790881->703786717979783843
1	2	3	4	
8	6	7	9	
5	10	11	12	
13	14	15	16	
Cost:1
703786717979783843->5001767030322047506
1	2	3	4	
6	7	9	8	
5	10	11	12	
13	14	15	16	
Cost:2
5001767030322047506->-3069556460893791526
1	2	3	4	
9	8	6	7	
5	10	11	12	
13	14	15	16	
Cost:1
-3069556460893791526->950773966884087939
13	2	3	4	
1	8	6	7	
9	10	11	12	
5	14	15	16	
Cost:2
950773966884087939->55932842748609813
13	2	3	4	
6	7	1	8	
9	10	11	12	
5	14	15	16	
Cost:1
55932842748609813->-5481554120674319817
6	2	3	4	
9	7	1	8	
5	10	11	12	
13	14	15	16	
Cost:2
-5481554120674319817->8109848482363161149
6	2	3	4	
1	8	9	7	
5	10	11	12	
13	14	15	16	
Cost:1
8109848482363161149->-2079951200254880519
1	2	3	4	
5	8	9	7	
13	10	11	12	
6	14	15	16	
Cost:2
-2079951200254880519->-4703837855724599730
1	2	3	4	
9	7	5	8	
13	10	11	12	
6	14	15	16	
Cost:1
-4703837855724599730->4015478586645612287
6	2	3	4	
1	7	5	8	
9	10	11	12	
13	14	15	16	
Cost:1
4015478586645612287->-5671708606642713749
13	2	3	4	
6	7	5	8	
1	10	11	12	
9	14	15	16	
Cost:2
-5671708606642713749->8840838913372500454
13	2	3	4	
5	8	6	7	
1	10	11	12	
9	14	15	16	
Cost:1
8840838913372500454->8524715220923773952
5	2	3	4	
1	8	6	7	
9	10	11	12	
13	14	15	16	
Cost:1
8524715220923773952->-3077466363739411624
1	2	3	4	
9	8	6	7	
13	10	11	12	
5	14	15	16	
Cost:1
-3077466363739411624->709654101309261612
1	2	3	4	
8	6	7	9	
13	10	11	12	
5	14	15	16	
Cost:1
709654101309261612->-8722961099107103239
5	2	3	4	
1	6	7	9	
8	10	11	12	
13	14	15	16	
Cost:1
-8722961099107103239->-8723022742847303878
5	2	3	4	
1	6	7	9	
10	11	12	8	
13	14	15	16	
Cost:1
-8723022742847303878->-276315196398924294
5	2	3	4	
9	1	6	7	
10	11	12	8	
13	14	15	16	
Cost:1
-276315196398924294->-275137946282830266
5	2	3	4	
9	1	6	7	
8	10	11	12	
13	14	15	16	
Cost:2
-275137946282830266->-4081764459251911421
8	2	3	4	
13	1	6	7	
5	10	11	12	
9	14	15	16	
Cost:1
-4081764459251911421->-8273111634720793398
8	2	3	4	
1	6	7	13	
5	10	11	12	
9	14	15	16	
Cost:1
-8273111634720793398->6336204618310445828
1	2	3	4	
5	6	7	13	
9	10	11	12	
8	14	15	16	
Cost:1
6336204618310445828->2255437367313839182
1	2	3	4	
13	5	6	7	
9	10	11	12	
8	14	15	16	
Cost:1
2255437367313839182->2255437367289290464
1	2	3	4	
13	5	6	7	
9	10	11	12	
14	15	16	8	
Cost:1
2255437367289290464->6336204618350790812
1	2	3	4	
5	6	7	13	
9	10	11	12	
14	15	16	8	
Cost:2
6336204618350790812->843956863749597712
1	2	3	12	
5	6	7	8	
9	10	11	4	
14	15	16	13	
Cost:2
843956863749597712->843956863749224884
1	2	3	12	
5	6	7	8	
9	10	11	4	
16	13	14	15	
Cost:1
843956863749224884->843956863749557368
1	2	3	12	
5	6	7	8	
9	10	11	4	
13	14	15	16	
Cost:1
843956863749557368->3720862882280715929
1	2	3	8	
5	6	7	4	
9	10	11	16	
13	14	15	12	
Cost:1
3720862882280715929->6335609622948876397
1	2	3	4	
5	6	7	16	
9	10	11	12	
13	14	15	8	
Cost:1
6335609622948876397->8022893796668677642
2	3	4	1	
5	6	7	16	
9	10	11	12	
13	14	15	8	
Cost:1
8022893796668677642->5010366728793109274
2	3	4	8	
5	6	7	1	
9	10	11	16	
13	14	15	12	
Cost:1
5010366728793109274->-9096098232136142503
2	3	4	8	
1	5	6	7	
9	10	11	16	
13	14	15	12	
Cost:1
-9096098232136142503->-1432771728097507106
8	2	3	4	
1	5	6	7	
9	10	11	16	
13	14	15	12	
Cost:1
-1432771728097507106->-2582566562244293545
8	2	3	4	
5	6	7	1	
9	10	11	16	
13	14	15	12	
Cost:1
-2582566562244293545->8894672608527528669
8	2	3	1	
5	6	7	16	
9	10	11	12	
13	14	15	4	
Cost:2
8894672608527528669->-7829439454902653370
3	1	8	2	
5	6	7	16	
9	10	11	12	
13	14	15	4	
Cost:1
-7829439454902653370->-6230706536449289912
2	3	1	8	
5	6	7	16	
9	10	11	12	
13	14	15	4	
Cost:2
-6230706536449289912->665369315398783790
1	8	2	3	
5	6	7	16	
9	10	11	12	
13	14	15	4	
Cost:2
665369315398783790->-3166191772058381161
1	8	2	12	
5	6	7	4	
9	10	11	3	
13	14	15	16	
Cost:1
-3166191772058381161->-7664292256083647897
1	8	2	4	
5	6	7	3	
9	10	11	16	
13	14	15	12	
Cost:2
-7664292256083647897->-3916105998634756672
2	4	1	8	
5	6	7	3	
9	10	11	16	
13	14	15	12	
Cost:1
-3916105998634756672->-522129804805212754
2	4	1	3	
5	6	7	16	
9	10	11	12	
13	14	15	8	
Cost:2
-522129804805212754->7457159003865451317
1	3	2	4	
5	6	7	16	
9	10	11	12	
13	14	15	8	
Cost:1
7457159003865451317->-5328071567143015255
4	1	3	2	
5	6	7	16	
9	10	11	12	
13	14	15	8	
Cost:2
-5328071567143015255->-1394632736419201067
4	1	3	12	
5	6	7	8	
9	10	11	2	
13	14	15	16	
Cost:1
-1394632736419201067->-2842439737291134070
4	1	3	8	
5	6	7	2	
9	10	11	16	
13	14	15	12	
Cost:1
-2842439737291134070->2964776704967325060
1	3	8	4	
5	6	7	2	
9	10	11	16	
13	14	15	12	
Cost:1
2964776704967325060->8340498722173383357
1	3	8	2	
5	6	7	16	
9	10	11	12	
13	14	15	4	
Cost:1
8340498722173383357->6846137968409037900
2	1	3	8	
5	6	7	16	
9	10	11	12	
13	14	15	4	
Cost:2
6846137968409037900->7869617611961569446
2	1	3	12	
5	6	7	4	
9	10	11	8	
13	14	15	16	
Cost:1
7869617611961569446->5512008768133128807
2	1	3	4	
5	6	7	8	
9	10	11	16	
13	14	15	12	
Cost:1
5512008768133128807->3504422242568154206
1	3	4	2	
5	6	7	8	
9	10	11	16	
13	14	15	12	
Cost:1
3504422242568154206->6940938898853353133
1	3	15	2	
5	6	4	8	
9	10	7	16	
13	14	11	12	
Cost:1
6940938898853353133->1091520461061871043
2	1	3	15	
5	6	4	8	
9	10	7	16	
13	14	11	12	
Cost:1
1091520461061871043->-8167284450127463055
2	1	3	8	
5	6	4	16	
9	10	7	12	
13	14	11	15	
Cost:1
-8167284450127463055->2938347668087078149
2	1	4	8	
5	6	7	16	
9	10	11	12	
13	14	3	15	
Cost:1
2938347668087078149->6270318996149355893
2	1	4	15	
5	6	7	8	
9	10	11	16	
13	14	3	12	
Cost:1
6270318996149355893->3752766725129723986
1	4	15	2	
5	6	7	8	
9	10	11	16	
13	14	3	12	
Cost:1
3752766725129723986->355999355724481181
1	4	7	2	
5	6	11	8	
9	10	3	16	
13	14	15	12	
Cost:2
355999355724481181->542883987486020651
7	2	1	4	
5	6	11	8	
9	10	3	16	
13	14	15	12	
Cost:1
542883987486020651->706947817706672054
2	1	4	7	
5	6	11	8	
9	10	3	16	
13	14	15	12	
Cost:2
706947817706672054->-4536728498208521974
2	1	3	7	
5	6	15	8	
9	10	4	16	
13	14	11	12	
Cost:1
-4536728498208521974->-2839340661488426885
1	3	7	2	
5	6	15	8	
9	10	4	16	
13	14	11	12	
Cost:1
-2839340661488426885->-5086507610609222012
1	3	11	2	
5	6	7	8	
9	10	15	16	
13	14	4	12	
Cost:1
-5086507610609222012->8418089709116482028
2	1	3	11	
5	6	7	8	
9	10	15	16	
13	14	4	12	
Cost:1
8418089709116482028->6846137964778265802
2	1	3	8	
5	6	7	16	
9	10	15	12	
13	14	4	11	
Cost:1
6846137964778265802->5473594158456304241
2	1	4	8	
5	6	3	16	
9	10	7	12	
13	14	15	11	
Cost:2
5473594158456304241->8942092892202080222
2	1	4	12	
5	6	3	11	
9	10	7	8	
13	14	15	16	
Cost:1
8942092892202080222->4105465172633396559
2	1	4	11	
5	6	3	8	
9	10	7	16	
13	14	15	12	
Cost:1
4105465172633396559->-7843721537015887973
1	4	11	2	
5	6	3	8	
9	10	7	16	
13	14	15	12	
Cost:1
-7843721537015887973->285661293870546722
1	4	3	2	
5	6	7	8	
9	10	15	16	
13	14	11	12	
Cost:2
285661293870546722->-8469411432477490671
3	2	1	4	
5	6	7	8	
9	10	15	16	
13	14	11	12	
Cost:1
-8469411432477490671->-5293276158956157676
2	1	4	3	
5	6	7	8	
9	10	15	16	
13	14	11	12	
Cost:1
-5293276158956157676->-6040889207242657926
2	1	11	3	
5	6	4	8	
9	10	7	16	
13	14	15	12	
Cost:1
-6040889207242657926->-1290705508711683154
1	11	3	2	
5	6	4	8	
9	10	7	16	
13	14	15	12	
Cost:1
-1290705508711683154->-4211130869922320129
1	11	4	2	
5	6	7	8	
9	10	15	16	
13	14	3	12	
Cost:1
-4211130869922320129->-6994870772508749136
2	1	11	4	
5	6	7	8	
9	10	15	16	
13	14	3	12	
Cost:1
-6994870772508749136->-7400393138866709150
2	1	3	4	
5	6	11	8	
9	10	7	16	
13	14	15	12	
Cost:1
-7400393138866709150->6357725996039795939
2	1	15	4	
5	6	3	8	
9	10	11	16	
13	14	7	12	
Cost:1
6357725996039795939->-4698367870630048398
1	15	4	2	
5	6	3	8	
9	10	11	16	
13	14	7	12	
Cost:1
-4698367870630048398->3208956108803214465
1	6	4	2	
5	10	3	8	
9	14	11	16	
13	15	7	12	
Cost:1
3208956108803214465->698863082572204158
2	1	6	4	
5	10	3	8	
9	14	11	16	
13	15	7	12	
Cost:1
698863082572204158->-4537324618225354268
2	1	3	4	
5	10	11	8	
9	14	7	16	
13	15	6	12	
Cost:1
-4537324618225354268->-7214145907012522141
1	3	4	2	
5	10	11	8	
9	14	7	16	
13	15	6	12	
Cost:2
-7214145907012522141->-1243244570793309327
1	3	7	2	
5	10	6	8	
9	14	4	16	
13	15	11	12	
Cost:1
-1243244570793309327->-8037474516303132003
1	3	6	2	
5	10	4	8	
9	14	11	16	
13	15	7	12	
Cost:2
-8037474516303132003->5188918326652609844
6	2	1	3	
5	10	4	8	
9	14	11	16	
13	15	7	12	
Cost:1
5188918326652609844->-5871586338344531175
2	1	3	6	
5	10	4	8	
9	14	11	16	
13	15	7	12	
Cost:1
-5871586338344531175->2551466570311980306
2	1	3	12	
5	10	4	6	
9	14	11	8	
13	15	7	16	
Cost:1
2551466570311980306->-187502084184524853
2	1	3	12	
6	5	10	4	
9	14	11	8	
13	15	7	16	
Cost:1
-187502084184524853->-8825905203971271407
2	1	3	4	
6	5	10	8	
9	14	11	16	
13	15	7	12	
Cost:1
-8825905203971271407->8577518920642307505
2	1	3	4	
8	6	5	10	
9	14	11	16	
13	15	7	12	
Cost:1
8577518920642307505->-3777552291436594683
2	1	3	12	
8	6	5	4	
9	14	11	10	
13	15	7	16	
Cost:1
-3777552291436594683->-9138066810683919085
2	1	3	12	
6	5	4	8	
9	14	11	10	
13	15	7	16	
Cost:1
-9138066810683919085->583989234704946442
2	1	7	12	
6	5	3	8	
9	14	4	10	
13	15	11	16	
Cost:1
583989234704946442->583975817340817002
2	1	7	12	
6	5	3	8	
10	9	14	4	
13	15	11	16	
Cost:1
583975817340817002->505029145400224355
2	1	11	12	
6	5	7	8	
10	9	3	4	
13	15	14	16	
Cost:1
505029145400224355->1139068876844713587
2	1	11	8	
6	5	7	4	
10	9	3	16	
13	15	14	12	
Cost:1
1139068876844713587->418951827582935497
2	1	7	8	
6	5	3	4	
10	9	14	16	
13	15	11	12	
Cost:1
418951827582935497->418368369886132497
2	1	7	8	
6	5	3	4	
9	14	16	10	
13	15	11	12	
Cost:1
418368369886132497->1137571897120289465
2	1	11	8	
6	5	7	4	
9	14	3	10	
13	15	16	12	
Cost:1
1137571897120289465->5636922470563491933
2	1	11	4	
6	5	7	10	
9	14	3	12	
13	15	16	8	
Cost:1
5636922470563491933->1900856393569228802
2	1	7	4	
6	5	3	10	
9	14	16	12	
13	15	11	8	
Cost:1
1900856393569228802->3921511786640420591
2	1	3	4	
6	5	16	10	
9	14	11	12	
13	15	7	8	
Cost:1
3921511786640420591->8557778621039204158
2	1	3	4	
10	6	5	16	
9	14	11	12	
13	15	7	8	
Cost:2
8557778621039204158->-4061332368735601894
2	1	3	12	
10	6	5	8	
9	14	11	4	
13	15	7	16	
Cost:1
-4061332368735601894->5721164237251545303
2	1	3	8	
10	6	5	4	
9	14	11	16	
13	15	7	12	
Cost:1
5721164237251545303->-6496565938903126950
1	3	8	2	
10	6	5	4	
9	14	11	16	
13	15	7	12	
Cost:1
-6496565938903126950->7450351444803735114
1	3	7	2	
10	6	8	4	
9	14	5	16	
13	15	11	12	
Cost:1
7450351444803735114->7215034277651836223
2	1	3	7	
10	6	8	4	
9	14	5	16	
13	15	11	12	
Cost:1
7215034277651836223->-4368926465610148518
2	1	3	12	
10	6	8	7	
9	14	5	4	
13	15	11	16	
Cost:1
-4368926465610148518->-2277449277374626143
2	1	3	12	
7	10	6	8	
9	14	5	4	
13	15	11	16	
Cost:1
-2277449277374626143->-4864854631126211830
2	1	3	8	
7	10	6	4	
9	14	5	16	
13	15	11	12	
Cost:1
-4864854631126211830->1386749302635328344
2	1	3	8	
10	6	4	7	
9	14	5	16	
13	15	11	12	
Cost:1
1386749302635328344->8606890513558493496
2	1	3	12	
10	6	4	8	
9	14	5	7	
13	15	11	16	
Cost:1
8606890513558493496->-822168680644126551
2	1	4	12	
10	6	5	8	
9	14	11	7	
13	15	3	16	
Cost:1
-822168680644126551->6548611372723485902
2	1	4	8	
10	6	5	7	
9	14	11	16	
13	15	3	12	
Cost:1
6548611372723485902->3598652326023112987
2	1	4	8	
6	5	7	10	
9	14	11	16	
13	15	3	12	
Cost:1
3598652326023112987->4027550432630738419
2	1	3	8	
6	5	4	10	
9	14	7	16	
13	15	11	12	
Cost:1
4027550432630738419->-9138066622296213379
2	1	3	12	
6	5	4	8	
9	14	7	10	
13	15	11	16	
Cost:1
-9138066622296213379->-9138169883568904406
2	1	3	12	
6	5	4	8	
10	9	14	7	
13	15	11	16	
Cost:1
-9138169883568904406->2938387375528270385
2	1	3	8	
6	5	4	7	
10	9	14	16	
13	15	11	12	
Cost:1
2938387375528270385->2944170724378327522
2	1	3	8	
6	5	4	7	
9	14	16	10	
13	15	11	12	
Cost:1
2944170724378327522->-7979133393438912984
2	1	3	8	
7	6	5	4	
9	14	16	10	
13	15	11	12	
Cost:1
-7979133393438912984->-7940954895152981249
2	1	3	8	
7	6	5	4	
10	9	14	16	
13	15	11	12	
Cost:1
-7940954895152981249->5007540138763582685
2	1	3	12	
7	6	5	8	
10	9	14	4	
13	15	11	16	
Cost:1
5007540138763582685->-2805296339269653763
2	1	3	12	
6	5	8	7	
10	9	14	4	
13	15	11	16	
Cost:1
-2805296339269653763->1877232426548507225
2	1	3	12	
5	8	7	6	
10	9	14	4	
13	15	11	16	
Cost:1
1877232426548507225->-1480681578553355134
2	1	3	6	
5	8	7	4	
10	9	14	16	
13	15	11	12	
Cost:1
-1480681578553355134->4995722003297856286
6	2	1	3	
5	8	7	4	
10	9	14	16	
13	15	11	12	
Cost:1
4995722003297856286->4996051884516059515
6	2	1	3	
5	8	7	4	
9	14	16	10	
13	15	11	12	
Cost:1
4996051884516059515->-3670601754849161644
6	2	11	3	
5	8	1	4	
9	14	7	10	
13	15	16	12	
Cost:1
-3670601754849161644->-3670541781798190836
6	2	11	3	
5	8	1	4	
10	9	14	7	
13	15	16	12	
Cost:1
-3670541781798190836->4907706310673846851
6	2	1	3	
5	8	14	4	
10	9	16	7	
13	15	11	12	
Cost:1
4907706310673846851->4907238954930661501
6	2	1	3	
5	8	14	4	
7	10	9	16	
13	15	11	12	
Cost:2
4907238954930661501->-780695994129134793
6	2	9	3	
5	8	11	4	
7	10	1	16	
13	15	14	12	
Cost:1
-780695994129134793->-7620433433017317929
6	2	9	12	
5	8	11	3	
7	10	1	4	
13	15	14	16	
Cost:2
-7620433433017317929->1627678287340799726
6	2	9	12	
11	3	5	8	
7	10	1	4	
13	15	14	16	
Cost:1
1627678287340799726->-7717125817921796226
11	2	9	12	
7	3	5	8	
13	10	1	4	
6	15	14	16	
Cost:1
-7717125817921796226->-7717125817995633827
11	2	9	12	
7	3	5	8	
13	10	1	4	
16	6	15	14	
Cost:1
-7717125817995633827->-2499987983734547068
16	2	9	12	
11	3	5	8	
7	10	1	4	
13	6	15	14	
Cost:2
-2499987983734547068->-2397398645925668553
16	10	9	12	
11	6	5	8	
7	2	1	4	
13	3	15	14	
Cost:1
-2397398645925668553->-2397398646122089758
16	10	9	12	
11	6	5	8	
7	2	1	4	
3	15	14	13	
Cost:1
-2397398646122089758->7709069659579749518
16	15	9	12	
11	10	5	8	
7	6	1	4	
3	2	14	13	
Cost:1
7709069659579749518->-2466706922365540340
16	15	14	12	
11	10	9	8	
7	6	5	4	
3	2	1	13	
Cost:1
-2466706922365540340->5624943435326630966
16	15	14	13	
11	10	9	12	
7	6	5	8	
3	2	1	4	
Cost:1
5624943435326630966->8280662989701916668
16	15	14	13	
12	11	10	9	
7	6	5	8	
3	2	1	4	
Cost:1
8280662989701916668->8280658568597076070
16	15	14	13	
12	11	10	9	
8	7	6	5	
3	2	1	4	
Cost:1
8280658568597076070->8280658568596790557
16	15	14	13	
12	11	10	9	
8	7	6	5	
4	3	2	1	
Path size: 153	Cost: 178
Running time Algorithm:	19.2437s
cpu start: 15625	cpu end:19250000	CLOCKS_PER_SEC:1000000
cpu time:	19.2344s
